0 0.0552738
1 0.0312404
2 0.0221045
3 0.0171638
4 0.0140306
5 0.0118521
6 0.0102433
7 0.00900357
8 0.00801751
9 0.00721371
10 0.00654552
11 0.0059811
12 0.00549796
13 0.0050797
14 0.00471411
15 0.00439188
16 0.0041058
17 0.00385017
18 0.00362046
19 0.00341299
20 0.00322478
21 0.00305333
22 0.00289659
23 0.00275283
24 0.00262058
25 0.00249857
26 0.00238575
27 0.00228116
28 0.00218402
29 0.00209361
30 0.0020093
31 0.00193056
32 0.00185688
33 0.00178784
34 0.00172306
35 0.00166217
36 0.00160488
37 0.00155089
38 0.00149996
39 0.00145185
40 0.00140635
41 0.00136326
42 0.00132243
43 0.00128368
44 0.00124687
45 0.00121187
46 0.00117855
47 0.0011468
48 0.00111652
49 0.00108761
50 0.00105999
51 0.00103357
52 0.00100828
53 0.000984049
54 0.000960812
55 0.000938512
56 0.000917093
57 0.000896505
58 0.0008767
59 0.000857634
60 0.000839267
61 0.000821561
62 0.000804481
63 0.000787992
64 0.000772066
65 0.000756673
66 0.000741786
67 0.000727381
68 0.000713433
69 0.000699922
70 0.000686826
71 0.000674126
72 0.000661804
73 0.000649843
74 0.000638227
75 0.000626941
76 0.00061597
77 0.000605302
78 0.000594923
79 0.000584822
80 0.000574987
81 0.000565407
82 0.000556073
83 0.000546975
84 0.000538103
85 0.00052945
86 0.000521006
87 0.000512765
88 0.000504718
89 0.000496858
90 0.00048918
91 0.000481676
92 0.00047434
93 0.000467167
94 0.000460151
95 0.000453287
96 0.000446569
97 0.000439993
98 0.000433555
99 0.000427249
100 0.000421071
101 0.000415019
102 0.000409086
103 0.000403271
104 0.000397569
105 0.000391977
106 0.000386491
107 0.000381109
108 0.000375827
109 0.000370643
110 0.000365554
111 0.000360557
112 0.000355649
113 0.000350829
114 0.000346093
115 0.00034144
116 0.000336867
117 0.000332372
118 0.000327953
119 0.000323608
120 0.000319335
121 0.000315133
122 0.000311
123 0.000306933
124 0.000302932
125 0.000298994
126 0.000295119
127 0.000291305
128 0.00028755
129 0.000283853
130 0.000280213
131 0.000276628
132 0.000273097
133 0.00026962
134 0.000266194
135 0.000262819
136 0.000259494
137 0.000256217
138 0.000252988
139 0.000249806
140 0.000246669
141 0.000243578
142 0.00024053
143 0.000237525
144 0.000234562
145 0.000231641
146 0.000228761
147 0.00022592
148 0.000223119
149 0.000220356
150 0.000217631
151 0.000214942
152 0.00021229
153 0.000209674
154 0.000207093
155 0.000204547
156 0.000202034
157 0.000199555
158 0.000197108
159 0.000194694
160 0.000192312
161 0.00018996
162 0.00018764
163 0.000185349
164 0.000183089
165 0.000180857
166 0.000178654
167 0.00017648
168 0.000174334
169 0.000172215
170 0.000170123
171 0.000168057
172 0.000166018
173 0.000164005
174 0.000162017
175 0.000160055
176 0.000158117
177 0.000156203
178 0.000154314
179 0.000152448
180 0.000150605
181 0.000148786
182 0.000146989
183 0.000145215
184 0.000143462
185 0.000141732
186 0.000140022
187 0.000138334
188 0.000136667
189 0.000135021
190 0.000133394
191 0.000131788
192 0.000130201
193 0.000128634
194 0.000127087
195 0.000125558
196 0.000124048
197 0.000122556
198 0.000121083
199 0.000119627
200 0.00011819
201 0.00011677
202 0.000115367
203 0.000113981
204 0.000112612
205 0.00011126
206 0.000109924
207 0.000108605
208 0.000107301
209 0.000106014
210 0.000104742
211 0.000103485
212 0.000102243
213 0.000101017
214 9.98053e-05
215 9.86084e-05
216 9.74259e-05
217 9.62577e-05
218 9.51036e-05
219 9.39634e-05
220 9.2837e-05
221 9.17242e-05
222 9.06248e-05
223 8.95386e-05
224 8.84656e-05
225 8.74054e-05
226 8.63581e-05
227 8.53233e-05
228 8.4301e-05
229 8.3291e-05
230 8.22931e-05
231 8.13073e-05
232 8.03333e-05
233 7.9371e-05
234 7.84202e-05
235 7.74809e-05
236 7.65529e-05
237 7.5636e-05
238 7.47302e-05
239 7.38352e-05
240 7.29509e-05
241 7.20773e-05
242 7.12141e-05
243 7.03613e-05
244 6.95188e-05
245 6.86863e-05
246 6.78639e-05
247 6.70513e-05
248 6.62484e-05
249 6.54552e-05
250 6.46715e-05
251 6.38971e-05
252 6.31321e-05
253 6.23762e-05
254 6.16294e-05
255 6.08915e-05
256 6.01625e-05
257 5.94422e-05
258 5.87306e-05
259 5.80274e-05
260 5.73327e-05
261 5.66463e-05
262 5.59682e-05
263 5.52981e-05
264 5.46361e-05
265 5.3982e-05
266 5.33357e-05
267 5.26972e-05
268 5.20664e-05
269 5.1443e-05
270 5.08272e-05
271 5.02187e-05
272 4.96175e-05
273 4.90235e-05
274 4.84366e-05
275 4.78568e-05
276 4.72838e-05
277 4.67178e-05
278 4.61585e-05
279 4.56059e-05
280 4.50599e-05
281 4.45205e-05
282 4.39875e-05
283 4.34609e-05
284 4.29406e-05
285 4.24266e-05
286 4.19186e-05
287 4.14168e-05
288 4.0921e-05
289 4.04311e-05
290 3.99471e-05
291 3.94688e-05
292 3.89963e-05
293 3.85294e-05
294 3.80682e-05
295 3.76124e-05
296 3.71621e-05
297 3.67172e-05
298 3.62776e-05
299 3.58433e-05
